1980,2590
Inhaltsverzeichnis 130,178,535,69
Lokalnachrichten 130,307,281,29
2 649,306,16,25
Das 130,349,59,24
Wallis 203,346,98,27
im 316,346,35,25
Profil, 367,345,93,29
Artikel 129,385,103,26
von 249,390,56,19
Schriftsteller 322,383,211,26
Maurice 130,422,129,27
Chappaz 276,422,143,31
I 659,420,5,25
« 130,472,13,11
Théâtre 158,460,125,26
du 299,460,37,24
Jorat 351,460,83,24
» 450,468,13,12
IV 636,457,29,26
Zoologischer 129,497,215,32
Garten 360,496,108,26
Basel 489,495,86,27
V 645,495,21,25
Offizielle 130,535,143,26
Mitteilungen 290,534,200,32
: 510,540,4,19
<EOS>
<EOP>
— 127,588,37,3
Die 186,573,50,26
Erhöhung 253,572,155,32
der 424,572,52,25
AHV/IV- 489,567,138,32
Beiträge 186,610,136,32
ab 337,610,37,25
1. 390,610,23,25
<EOS>
Juli 427,609,55,26
1975 498,609,71,25
VIII 611,609,52,25
<EOS>
<EOP>
— 127,663,37,3
Arbeitsmöglichkeiten 184,647,348,32
im 549,647,34,25
<EOS>
<EOP>
Ausland 185,686,129,25
für 329,685,44,25
Schweizer¬ 386,684,182,26
bürger 186,724,107,31
IX 637,721,28,26
<EOS>
<EOP>
— 128,776,36,2
Einschreibung 186,760,233,32
bei 439,760,45,25
den 505,760,56,25
schweizerischen 185,798,269,26
Univer¬ 478,798,116,25
sitäten 185,836,106,25
X 644,835,21,25
<EOS>
<EOP>
— 129,888,35,3
Politische 186,873,159,25
Rechte 363,873,112,25
der 493,873,53,25
<EOS>
<EOP>
Auslandschweizer 185,910,299,26
X 644,910,21,25
<EOS>
<EOP>
— 129,963,35,2
Die 187,948,50,26
schweizerische 257,947,251,27
<EOS>
<EOP>
Bundesfeier-Spende 186,985,334,32
1975 538,985,72,26
X 645,985,20,25
<EOS>
<EOP>
— 128,1037,36,3
Die 186,1024,51,24
Briefmarkenecke 257,1023,277,25
X 645,1023,20,24
Mitteilungen 131,1060,199,32
des 350,1061,56,24
Ausland¬ 422,1060,144,25
schweizersekretariates 130,1097,376,26
<EOS>
<EOP>
— 129,1149,36,3
53. 185,1135,43,26
<EOS>
Auslandschweizer¬ 247,1135,310,26
<EOS>
<EOP>
tagung 185,1174,110,30
XI 634,1173,29,24
<EOS>
<EOP>
— 129,1224,36,3
Der 187,1211,56,24
Solidaritätsfonds 258,1209,278,27
XII 622,1209,42,26
<EOS>
<EOP>
— 129,1261,36,3
Institutionen, 188,1247,207,31
Kurse, 415,1247,100,30
<EOS>
<EOP>
Diplome 187,1285,133,31
XII 623,1285,40,25
<EOS>
<EOP>
— 130,1336,35,3
AHV/IV 185,1319,124,31
und 326,1323,57,25
Kranken¬ 401,1322,147,26
<EOS>
<EOP>
versicherung 185,1360,211,32
XIII 611,1360,53,25
Schweizer 130,1396,171,26
Ereignisse 318,1397,169,32
im 507,1397,34,25
Rückblick 132,1433,159,27
XIII 612,1434,52,27
Martha 132,1472,111,25
Keller 263,1472,94,26
XVI 611,1472,53,26
COURRIER 129,1512,166,25
SUISSE 312,1511,114,25
SCHWEIZER 130,1547,188,24
KURIER 334,1546,118,24
Verantworlicher 130,1588,192,18
Herausgeber 337,1587,155,23
: 509,1592,4,12
Editeur 131,1615,85,18
responsable 230,1615,146,22
: 392,1620,4,13
J. 130,1649,18,19
<EOS>
PIERREHUMBERT, 163,1648,227,22
Boulevard 132,1676,119,19
Général 265,1676,93,19
Wahis 372,1676,71,18
256 455,1676,39,18
B 132,1703,14,19
- 155,1714,8,3
1030 173,1704,51,18
Bruxelles 239,1703,112,19
(Belgien) 367,1703,105,23
Druck 133,1737,69,19
und 215,1737,42,19
Verlag 270,1737,76,23
: 362,1742,4,13
Impression 133,1764,130,24
et 277,1766,21,17
Publication 312,1764,134,19
: 462,1770,4,13
Le 133,1792,27,19
COURRIER 177,1792,135,19
SUISSE, 328,1792,99,21
avenue 444,1796,84,15
Preke- 545,1791,76,18
linden 134,1819,70,19
138 220,1820,38,18
- 272,1830,7,2
B-1200 295,1819,78,19
Bruxelles 389,1819,111,19
(Belgien) 515,1818,106,24
Tel. 132,1847,42,18
<EOS>
02/736 191,1846,79,20
76 279,1847,26,19
30 313,1847,26,18
REDAKTION 135,1908,149,19
DER 301,1908,50,19
HOLLAND-SEITEN 370,1907,225,19
Redaktorln 135,1935,128,19
: 279,1942,5,13
Frau 135,1969,51,19
M. 202,1969,24,19
<EOS>
Dekens-Meli 241,1969,148,19
Zoomweg 135,1996,115,24
2, 263,1996,17,22
Wageningen 294,1996,148,23
Tel. 135,2024,41,19
<EOS>
: 194,2029,2,13
08370 211,2024,67,19
- 290,2034,8,3
13945 312,2024,65,19
Inserate 136,2057,96,19
: 246,2063,5,13
Herr 136,2084,52,20
S. 201,2085,20,19
<EOS>
Zürcher 235,2085,94,19
Aurikelstraat 135,2112,153,19
114 304,2112,38,19
Amsterdam-Noord 136,2140,219,18
Tel. 136,2167,42,18
<EOS>
020-22 191,2167,76,19
20 276,2167,25,19
33 310,2167,25,18
(bureau) 349,2166,98,24
REDAKTION 139,2235,148,19
DER 305,2235,50,18
SKANDINAVISCHEN 138,2261,248,20
SEITE 401,2261,74,19
: 491,2267,4,13
in 139,2296,18,19
Zusammenarbeit 170,2296,201,20
mit 384,2295,35,19
den 432,2295,42,19
Schweizeri¬ 488,2294,139,20
schen 138,2324,69,19
Botschaften 222,2323,141,20
in 378,2323,17,18
Skandinavien 410,2322,160,20
und 585,2322,42,18
Herrn 139,2350,64,20
Anton 220,2351,69,19
von 303,2355,42,14
Sprecher, 362,2350,115,23
Carlsmindevej 139,2377,168,25
6 324,2378,12,19
- 351,2388,7,3
DK-2840 373,2377,97,19
Holte 487,2377,61,19
<EOS>
<EOP>
Das 737,135,129,50
Wallis 891,135,219,49
im 1138,135,81,48
Profil 1251,132,189,50
Biographie 735,225,151,25
- 895,237,17,3
Bibliographie 924,225,187,25
Maurice 735,259,98,20
Chappaz 842,259,105,25
Geboren 734,293,103,19
am 846,298,34,14
21.12.191 888,293,119,19
<EOS>
6 1015,293,13,19
in 1036,293,20,19
Martigny 1067,292,109,25
Landbesitzende 735,326,190,21
Advokatenfamilie 932,325,214,21
Onkel 735,361,68,20
mütterlicherseits: 816,361,208,20
Staatsrat 734,395,107,21
Maurice 853,395,97,21
Troillet 960,395,86,21
Studien: 735,428,101,21
Abitur 846,428,75,21
am 930,435,34,14
Gymnasium 975,428,146,26
l'Abbaye 1131,428,107,24
in 1248,428,19,20
St-Maurice. 734,461,144,20
<EOS>
Zwei 892,461,57,21
Jahre 962,461,68,20
Rechtsstudium 1046,461,181,21
an 1240,467,28,15
der 735,493,38,20
Universität 785,493,129,20
von 925,500,44,13
Lausanne. 983,494,121,20
<EOS>
Während 733,527,110,20
des 853,527,39,20
Aktivdienstes 901,527,165,20
von 1073,533,45,14
1939-1 1128,527,87,21
945 1224,527,44,21
als 735,560,31,21
Leutnant 781,560,105,21
auf 899,560,37,21
den 948,561,44,20
kleinen 1007,561,85,20
Grenzposten. 1107,561,161,25
<EOS>
Der 737,596,41,20
Hang 798,595,62,26
zur 880,602,36,14
Schriftstellerei 934,596,174,20
entwickelte 1128,595,141,21
sich 735,629,46,20
mit 796,630,36,19
den 843,630,43,19
Erfahrungen 901,630,148,24
an 1063,636,27,14
zwei 1102,630,55,20
Arbeits¬ 1170,630,97,20
plätzen, 736,662,92,25
nämlich 849,662,94,20
während 964,663,107,20
eines 1092,664,63,19
Aufent¬ 1174,664,93,20
haltes 736,696,70,19
an 820,701,27,14
der 862,696,38,20
Grande 915,696,88,20
Dixence 1019,696,99,20
von 1131,703,44,13
1955— 1192,697,80,20
1957 736,728,60,20
als 815,728,33,20
Hilfsgeometer, 868,728,175,26
und 1063,729,44,20
von 1126,735,45,14
1950— 1192,729,79,20
1955 736,762,60,19
in 811,762,20,19
einem 847,762,71,20
Weinberg 932,762,119,25
in 1066,763,19,19
Fully, 1104,762,63,25
wo 1182,768,37,14
die 1234,763,35,19
Arbeit 734,795,74,20
die 821,795,36,20
gesamte 870,798,101,22
Pflege 987,796,75,24
der 1075,796,39,19
Reben 1129,795,75,20
um- 1221,802,46,14
fasste. 733,829,76,20
<EOS>
Danach 737,863,90,20
folgte 838,863,70,25
die 919,863,36,20
Arbeit 965,863,74,20
in 1050,864,19,19
einigen 1082,864,87,24
kleinen 1183,863,84,20
Rebbergen, 737,897,138,24
wo 890,903,37,14
Pinot 945,897,62,20
und 1023,897,44,20
Fendant 1085,897,99,20
ange¬ 1198,902,69,19
baut 736,931,52,20
wurde, 800,930,83,23
in 897,931,19,20
Veyras 930,930,80,26
oberhalb 1024,930,105,21
Sierre, 1144,930,74,23
wo 1232,936,36,14
er 735,970,22,14
sich 767,964,47,20
ein 826,964,34,21
Haus 875,964,60,21
bauen 947,964,72,21
liess. 1032,964,57,21
<EOS>
1942 736,998,59,21
Begegnung 815,999,139,24
und 974,998,44,21
spätere 1035,998,89,25
Heirat 1143,998,70,21
mit 1232,999,36,20
Corinna 736,1033,94,19
Bille. 847,1033,57,19
<EOS>
Aus 919,1033,47,20
dieser 980,1033,72,19
Ehe 1068,1033,42,19
gingen 1126,1033,81,24
drei 1223,1033,44,19
Kinder 737,1065,75,20
hervor, 835,1065,82,24
die 941,1066,34,20
heute 1000,1066,66,20
als 1090,1066,31,20
Ingenieur, 1146,1066,121,25
Psychologe 736,1099,139,25
und 898,1099,45,20
Studentin 966,1099,118,20
der 1107,1099,38,20
Literatur 1168,1099,100,20
tätig 733,1132,53,25
sind. 798,1132,55,20
<EOS>
Ausser 735,1167,82,19
den 829,1166,43,19
fünfzehn 885,1165,106,20
Büchern 1008,1165,99,20
noch 1123,1165,57,20
Über¬ 1197,1162,67,23
setzungen 735,1204,124,21
von 873,1207,43,14
Virgile 930,1201,77,24
(Les 1022,1201,58,24
Géorgiques) 1095,1201,172,24
und 736,1234,44,20
von 789,1240,43,14
Théocrite 842,1234,114,20
(Idylles), 966,1234,126,25
erwähnen 1102,1234,120,20
wir 1232,1234,37,21
die 736,1267,34,20
«Verdures 786,1267,145,20
de 947,1268,32,19
la 995,1268,21,19
Nuit» 1034,1267,76,21
(Gedichte), 1129,1268,138,26
«Testament 735,1300,168,20
du 919,1300,34,21
Haut-Rhône» 971,1300,188,21
(Prosa¬ 1179,1301,88,25
dichtung), 735,1334,126,24
das 885,1334,40,19
«Valais 947,1334,104,19
au 1073,1339,31,14
gosier 1127,1334,88,24
de 1237,1334,32,20
grive», 735,1367,92,24
das 837,1367,40,19
«Chant 886,1367,101,19
de 995,1367,32,19
la 1035,1367,22,19
Grande 1067,1367,101,20
Dixen¬ 1178,1367,89,20
ce», 734,1406,53,16
«Portrait 798,1400,127,20
des 934,1400,47,20
Valaisans», 990,1400,161,23
«Match 1160,1400,107,21
Valais 733,1435,85,20
Judée». 834,1434,109,21
<EOS>
Die 963,1435,39,20
zwei 1017,1435,54,20
letzten 1089,1434,79,21
Werke, 1184,1434,83,23
<EOS>
<EOP>
erzählend 1339,996,117,20
in 1472,997,18,19
der 1505,997,38,19
Form 1558,997,60,19
von 1631,1002,45,14
zärtlichen 1689,996,118,20
oder 1821,996,54,20
wilden 1340,1030,82,20
Anekdoten, 1452,1030,140,22
in 1623,1030,20,20
der 1673,1030,38,20
Form 1742,1030,60,19
von 1830,1035,45,14
Spottschriften 1340,1063,171,24
oder 1523,1063,53,20
Fabeln, 1589,1063,87,22
in 1688,1063,20,20
welchen 1720,1063,102,20
das 1835,1063,40,20
Vieux 1344,1096,67,21
Pays 1424,1097,55,25
und 1489,1097,44,21
die 1545,1098,36,20
moderne 1592,1098,106,20
Welt 1709,1098,55,20
vereinigt 1774,1099,106,25
sind. 1343,1130,56,21
<EOS>
Es 1345,1164,24,20
bleiben 1387,1164,87,20
nur 1493,1170,38,14
zwei 1547,1165,54,19
Abwesenheiten 1618,1165,191,20
vom 1826,1172,53,14
Wallis 1343,1197,73,21
zu 1434,1203,26,15
erwähnen, 1480,1197,128,23
die 1627,1197,35,21
eine 1681,1198,50,20
gegen 1750,1204,75,19
die 1843,1200,36,19
Wüsten 1344,1231,91,20
von 1453,1237,43,14
Lappland, 1516,1232,119,24
die 1653,1232,35,20
andere 1705,1233,82,19
gegen 1803,1239,75,19
die 1344,1264,34,20
Pässe 1396,1264,67,20
des 1477,1264,41,20
Himmalaya, 1532,1265,140,24
um 1686,1271,36,14
von 1737,1271,44,14
neuem 1797,1271,81,14
den 1343,1297,43,20
Geschmack 1396,1297,141,20
der 1544,1298,38,19
Heimat 1590,1298,86,20
auszuprobieren. 1683,1298,193,24
<EOS>
Und 1342,1331,48,19
dieses 1398,1331,74,20
letzte 1480,1331,63,20
Buch: 1552,1332,69,19
«La 1630,1332,49,19
Haute 1687,1332,83,19
Route» 1777,1332,100,19
in 1344,1366,19,19
der 1372,1366,37,19
Art 1416,1366,36,19
einer 1461,1366,58,19
Prosadichtung, 1528,1366,182,24
das 1720,1366,41,20
die 1769,1366,34,20
lange 1813,1367,65,23
Skiwanderung 1344,1399,177,25
über 1532,1400,53,20
die 1594,1400,36,20
Gletscher 1642,1400,115,20
von 1765,1405,44,15
Saas 1821,1400,57,20
nach 1345,1433,55,19
Verbier 1409,1433,85,20
in 1503,1433,18,20
jedem 1528,1433,74,24
Frühling 1612,1433,99,25
darstellt. 1720,1433,102,20
<EOS>
<EOP>
Der 740,1533,57,25
Schweizer 812,1532,163,27
und 991,1532,61,25
seine 1065,1532,81,25
Heimat 1162,1531,114,25
im 738,1574,37,25
Aufbruch. 795,1573,156,26
<EOS>
Ein 975,1573,48,25
altes 1047,1573,71,25
und 1142,1572,61,26
zu¬ 1223,1579,50,18
gleich 739,1614,93,31
junges 837,1614,109,31
Land: 955,1614,90,24
das 1054,1614,53,24
Wallis. 1119,1613,97,25
<EOS>
Die 743,1655,49,25
Schweizer, 811,1655,168,28
die 998,1654,45,26
ihr 1063,1654,38,25
Land 1120,1654,74,26
ver¬ 1212,1661,61,18
lassen 743,1697,93,24
haben, 849,1696,101,28
die 962,1696,44,24
Bürger 1020,1695,102,31
der 1131,1695,48,25
Fünf¬ 1191,1693,82,26
ten 743,1741,47,21
Schweiz 814,1736,132,26
— 966,1750,22,3
denn 1011,1736,75,24
ausserhalb 1110,1735,165,26
wird 742,1777,66,26
ja 820,1777,27,31
nicht 862,1777,75,26
von 949,1785,56,17
Deutschschwei¬ 1022,1776,251,26
zern, 741,1825,73,22
Welschen, 841,1817,161,29
Tessinern 1030,1816,148,26
oder 1208,1816,68,25
Bündnern 745,1858,149,25
italienischer 914,1857,186,25
Zunge 1117,1857,97,30
die 1230,1856,45,25
Rede 744,1899,76,25
sein, 838,1898,70,28
sondern 926,1897,123,26
von 1069,1904,56,18
Schwei¬ 1144,1897,129,25
zern 742,1948,63,18
kurzum, 817,1941,120,27
wobei 947,1939,95,25
all 1055,1939,31,25
unsere 1099,1946,101,18
Ver¬ 1210,1938,63,25
schiedenheiten 742,1983,233,25
in 1012,1982,24,25
eine 1071,1982,63,25
einzige 1167,1980,109,31
Ähnlichkeit 743,2020,176,30
einmünden, 936,2024,182,27
die 1138,2023,44,25
nicht 1201,2022,76,25
dem 743,2065,65,25
Pass 841,2065,67,25
anhaftet, 937,2064,136,28
wohl 1103,2063,76,26
aber 1211,2063,66,26
unsern 745,2112,100,18
gemeinsamen 862,2105,213,30
Bergen 1095,2105,106,30
und 1218,2104,57,25
Flüssen, 747,2146,122,27
den 880,2145,54,25
einzigen 946,2145,128,31
blauen 1087,2145,101,25
Seen 1201,2145,74,25
Europas 747,2187,122,30
und 908,2186,56,25
einer 1004,2186,76,25
bäuerlich¬ 1119,2186,156,25
technischen 743,2227,187,25
Seite 960,2226,77,25
unseres 1067,2233,117,18
We¬ 1211,2226,64,25
sens, 744,2275,76,20
mit 838,2267,47,25
allem 902,2267,78,25
was 998,2273,62,18
dies 1077,2266,60,25
an 1154,2273,35,18
Her¬ 1209,2266,66,25
kommen 745,2309,131,24
und 900,2307,57,26
gezügeltem 979,2307,178,31
Aben¬ 1179,2307,96,25
teuer 743,2353,79,21
in 831,2349,24,24
sich 866,2348,59,25
birgt-unsere 938,2348,204,30
Schwei¬ 1151,2348,124,24
zer 744,2397,44,18
also, 811,2389,69,28
die 904,2388,45,26
ihr 974,2388,37,25
Land 1037,2388,73,25
verlassen 1135,2388,141,24
<EOS>
<EOP>
haben, 1344,1530,103,28
blicken 1469,1529,107,25
von 1598,1535,56,18
fern 1674,1527,58,26
auf 1753,1527,49,26
ihre 1822,1527,55,25
Kindheit 1346,1571,127,26
zurück. 1484,1571,109,24
<EOS>
Doch 1343,1612,79,25
wenn 1434,1619,86,18
sie 1532,1611,40,26
nach 1585,1611,72,26
langem 1671,1611,111,31
Fern¬ 1797,1610,78,26
sein 1344,1653,60,25
mit 1416,1653,46,24
ihrem 1474,1653,83,24
Ursprungsland 1571,1651,225,31
wie¬ 1807,1651,68,25
der 1345,1693,48,26
in 1413,1693,25,25
Berührung 1463,1693,162,31
kommen, 1647,1692,141,28
viel¬ 1809,1692,67,25
leicht 1345,1734,83,25
mit 1449,1734,47,25
den 1515,1734,56,25
Erinnerungen 1594,1733,204,31
und 1820,1733,57,25
Träumen 1344,1775,134,25
ihrer 1499,1775,68,25
Eltern 1588,1775,84,24
behaftet, 1692,1774,133,28
so 1844,1781,34,18
ist 1346,1816,32,25
nicht 1390,1815,76,26
sicher, 1477,1815,98,28
dass 1586,1814,68,26
sie 1665,1814,40,25
es 1717,1821,31,18
wieder¬ 1758,1814,118,24
erkennen. 1345,1856,149,25
<EOS>
Um 1347,1897,51,24
vom 1427,1903,65,17
Wallis 1520,1895,94,25
zu 1642,1902,32,17
reden: 1705,1894,96,25
Ein 1833,1894,44,25
Mensch, 1348,1936,130,29
der 1493,1936,48,25
hier, 1555,1935,63,28
sagen 1633,1942,89,24
wir 1738,1935,48,24
1920 1802,1934,76,25
zur 1345,1986,47,18
Welt 1411,1979,71,24
kam 1503,1978,61,25
und 1587,1977,56,25
seither 1664,1976,104,26
seiner 1787,1976,93,25
Scholle 1346,2022,115,25
treu 1475,2024,56,22
blieb, 1549,2019,82,28
hat 1647,2019,46,25
an 1708,2026,34,18
Ort 1759,2018,47,25
und 1820,2018,57,24
Stelle 1347,2063,86,26
eine 1457,2062,62,26
Reise 1546,2062,81,25
unternommen, 1653,2065,225,23
die 1346,2104,45,25
in 1409,2104,24,25
ihrer 1452,2103,67,26
Länge 1537,2102,92,32
einer 1645,2102,75,25
Auswan¬ 1736,2101,141,25
derung 1346,2144,107,30
nach 1473,2143,70,25
den 1562,2143,54,24
Staaten 1637,2142,115,25
gleich¬ 1770,2142,107,31
kommt. 1348,2184,113,25
<EOS>
Alles 1482,2184,74,24
hat 1577,2183,47,25
sich 1644,2183,59,24
verändert, 1725,2182,154,28
verwandelt: 1350,2225,182,25
Sitten, 1568,2224,98,28
Gebräuche, 1702,2223,177,29
Landschaftsbilder. 1350,2264,281,27
<EOS>
Der 1661,2265,53,24
sesshafte 1737,2263,143,26
Walliser 1346,2306,123,25
konnte 1502,2305,104,25
sich 1639,2305,59,25
innerhalb 1735,2304,143,26
seiner 1347,2348,91,24
Grenzen 1482,2347,125,25
zum 1652,2353,62,18
grossen 1758,2353,119,24
Bezwinger 1349,2388,162,31
aufschwingen 1544,2387,219,31
(dem 1801,2386,76,31
<EOS>
<EOP>
I 1869,2459,10,24
<EOS>
<EOP>
